35 26 3
40 22 8 9
1 26 42 5 29
23 34 41 16 22 40
48 42 3 29 34 14 25
37 19 30
18 36 28
9 2
40 2 8 38 31
45 35 26 24 48 42
47 13 23 15 12
20 11 15 33
21 39 25 23 11 47
25 5 34 23
12 11 23 40 44 46 33
4 41 22
27
36 46 44 7
27 43 30 37 6
47 12 33
32 39 13 47
40 4 16 2
13 25 14 34 4 40 15 11
10 48 32 39
39 48 5 14 23 13
35 1 10 42 3
17 43 19
36 30 7
42 5 3 34 41
43 19 6 28 36
44 40 9 38
24 39 21
20 12 15 46 36
14 5 29 41 4 23
45 10 1 26
30 33 46 18 7 28
19 6
31 9
24 32 21 48 25 13
15 23 4 22 2 9 31 44
34 29 4 16
10 48 26 5 3 29
27 19 30
18 46 15 40 31
35 10
36 33 15 44 18
20 21 13 11
24 10 39 25 5 42